15
-0.01725 -0.01099 -0.04121 0.00169 -0.01225 0.00830 -0.02016 0.11926 -0.07582 0.07446 0.00079 0.04112 0.02467 0.00906 -0.00756 
0.03115 0.01393 0.10638 0.01102 0.03882 0.04496 0.00569 0.00831 0.06952 -0.03176 0.00498 -0.01307 0.09314 -0.01580 0.00394 
0.02071 -0.02532 0.01154 0.04382 0.01990 0.01819 0.02110 -0.05293 -0.02313 0.06918 -0.06254 -0.03353 -0.03181 -0.01822 0.02882 
0.00813 -0.07358 0.01245 -0.01502 -0.00180 0.03424 0.01094 0.03828 0.02798 -0.05246 -0.05267 0.02906 -0.00205 0.00583 0.00510 
0.07155 0.00811 -0.02448 -0.04425 0.02665 0.06083 0.03651 -0.06744 0.01802 0.05885 0.00186 0.01724 0.02116 0.02853 0.01546 
-0.03808 -0.03155 0.02750 0.03602 0.01842 0.01395 0.01985 0.02551 -0.03691 0.02744 0.00968 0.00933 0.01501 0.03856 0.02367 
0.05099 -0.03245 0.04946 0.06520 0.00103 0.07017 0.02658 0.00681 -0.07344 0.01405 0.01476 0.01107 0.00451 0.01665 0.00917 
0.00010 -0.02119 -0.02463 -0.02974 0.03162 0.00320 0.02603 -0.01495 0.08266 0.06040 0.00423 -0.05805 0.10219 0.00978 0.04611 
0.03149 0.02248 0.03901 0.02411 0.05721 0.04594 0.01580 0.00985 0.00836 0.01444 0.02601 0.01375 0.00841 -0.05670 0.05161 
0.03662 -0.01012 -0.00243 0.03950 0.00005 0.01356 -0.09065 0.00626 0.01827 0.04959 -0.03348 0.03834 0.02979 0.00655 0.06129 
-0.03977 0.00930 0.03841 0.00605 0.00611 0.08337 0.05260 -0.05392 0.08204 0.00880 0.01665 0.01752 0.01628 0.04057 0.01550 
-0.07938 0.07452 0.01500 0.04277 0.01453 0.00962 0.00928 0.01592 0.07025 0.01683 0.00155 0.05818 0.03066 0.05219 0.01367 
0.03325 0.01074 0.07355 0.10411 0.01746 -0.01099 0.06491 0.01143 0.02617 0.00658 0.00893 0.03479 0.05422 -0.00819 0.09743 
0.05028 0.01118 0.00737 0.03878 0.02105 0.00573 0.00364 -0.01447 -0.02156 0.01232 0.09522 0.02912 0.01152 0.04775 -0.02279 
0.05109 0.01481 0.04095 0.04928 0.05637 -0.00215 0.08026 0.01282 0.02394 0.05049 -0.03459 0.04940 0.05896 -0.00955 0.01389 

3.33534 3.49194 1.89086 4.88936 -1.05597 6.43890 4.27531 -1.30178 7.39683 8.52751 5.40599 0.21103 3.80068 7.45961 2.47737 