2.722060089
4.134912945
11.2283556
1.538282899
3.923825341
4.506955654
2.405110202
1.65779495
0.5957556892
3.688657472
5.3111397
4.235911426
1.319212491
5.98456047
3.197993446
1.928349078
1.823864067
4.49429708
3.715181114
4.662823099
1.70884553
5.629109343
4.58366248
3.202900931
0.4726535311
9.410236775
10.0568674
6.783538469
0.6110912526
8.176289292
13.3408744
7.666980318
3.368688021
1.023634475
1.779350797
2.185027591
1.023963915
6.23318823
0.8488520945
4.029055443
6.785518538
3.267928461
3.785879279
1.488178983
10.86088772
8.17019607
3.189801298
6.0845694
3.860698347
4.085359367
5.673468751
10.50545659
1.381690799
3.705510081
5.324620254
4.666985902
2.242572744
0.9410710085
1.749159259
1.437783588
1.94071539
1.952731076
3.200068766
4.178741263
3.472343821
1.708565547
1.197913705
3.787395231
2.09009458
3.879331392
1.644597635
4.111256786
8.854298707
5.017904551
2.601474009
4.102118089
5.220167732
0.5547950074
1.314881047
4.595446266
4.667194875
9.186290188
6.092362597
2.53287512
0.9538272626
2.998730758
5.949079183
3.487285499
3.384433312
3.25185734
5.992288558
3.653910491
0.888847969
6.007257312
4.851874903
1.554646433
5.730132624
4.540683184
6.405685288
5.813004289
4.92306128
4.106823829
6.255168015
0.4601478666
8.574955726
4.625706108
6.374475377
5.124607301
14.62803588
2.638246389
6.412600093
4.366147324
0.9712461137
2.662916104
6.926157224
3.400088345
6.250903975
7.491611462
5.105216135
5.47097697
2.869523126
2.986628328
11.05117488
3.692515538
3.722009549
4.323153442
2.07021529
7.633001167
1.693764316
4.687344272
5.170218418
1.961612431
0.9193224385
0.4088973713
6.473461211
4.178150264
1.504875069
2.757647246
6.152597187
2.846240174
1.588325685
8.195719885
6.930424771
0.6950809847
14.65313691
4.353854888
1.788787436
2.821492771
2.994684985
3.351992708
2.07766791
4.049016047
3.908526523
2.034984804
2.877040705
0.9175499811
0.6529663648
0.6147503146
1.289337944
2.725549332
4.605408271
4.39697079
4.579115225
3.764549451
8.084683559
1.270020192
2.569086445
1.181409921
3.051100133
1.569626416
2.158949909
1.527674583
13.958119
4.158470516
2.636529164
2.969291397
1.504521685
2.024428068
7.342323832
1.809636677
2.748727563
2.403667952
4.533036899
4.804517834
7.094190441
3.020778259
3.216275017
1.626083894
4.778202314
1.191967352
3.087552083
4.508053335
2.268747495
4.948742095
5.262940251
3.594693951
1.337885035
2.452061379
8.126000601
7.24569728
4.645752435
5.91283103
14.32635398
1.307806133
9.135975831
1.444142865
5.388327891
2.999073357
6.62769785
9.313966031
9.198459647
2.037600355
6.111502194
2.057915102
1.480128506
2.685090696
3.730305793
0.684718635
14.21861315
2.650316413
0.4107670138
4.150961078
1.136358561
4.491904075
3.527410125
5.45128045
3.583496938
10.40572783
1.522007937
1.674911454
0.9073070581
3.021651328
2.85037988
5.230879559
2.536469546
6.261889049
10.37143497
3.060026939
0.9264233437
1.201125498
7.828541856
4.401413377
4.149683027
1.266112227
3.467626474
3.622335827
3.513043594
5.951888963
1.774766668
2.167519589
5.3690527
4.342669203
13.0095113
3.69832936
1.918560792
2.204631907
1.848258534
3.742978223
2.033053993
2.419009374
3.280380295
5.112473207
4.655521725
1.092681058
1.881368445
1.707517735
4.768025663
0.8029948067
9.875465569
7.158000316
5.181049324
3.193265919
7.991310307
1.889221498
0.7850016676
5.187652178
2.664398524
6.089035053
2.903107347
7.269856812
0.7736698998
9.057619454
3.763032486
6.079908367
4.575456496
5.788756969
1.199868842
2.148744722
5.017803442
4.464322885
14.91789041
6.867317829
4.721580486
3.30266926
6.744736319
4.685785689
0.8091817679
11.29568333
3.898617279
3.1552192
5.488519417
1.270693071
4.126472104
0.8422340841
3.913570319
2.296217134
5.64570607
2.187794508
1.874258511
4.571915859
4.92369657
2.309382305
7.124519462
1.321310666
6.371720828
1.607386894
1.450364731
4.221299895
5.461122022
1.606676903
1.384542433
8.622120616
11.70493189
7.424737097
1.520593954
2.229687018
2.689617757
0.6848643702
2.959135551
5.282739279
1.707698358
5.438779922
0.1096770033
0.2681453328
7.785449033
1.206746271
0.315661815
0.2281352437
0.9499175387
6.801476706
4.36471929
1.003502547
0.8058343487
3.063509793
4.354719776
2.085100137
4.544080431
1.58084724
3.936006656
1.375336591
2.096474411
4.596194852
5.959752766
1.050599381
4.527337845
1.955630761
2.608461887
4.086641029
5.889269902
1.676372142
3.044897674
2.244184636
11.94941202
3.406582614
2.783889616
7.255729161
7.531297817
6.506083578
3.697867532
5.294933049
2.981409042
1.392132724
5.847825013
5.455938296
4.194779639
8.035675345
2.128888801
3.856264101
2.70057108
2.215483052
4.703842423
5.052136486
2.986212232
1.259498821
3.805754071
2.144019717
6.582467457
3.976901898
2.252755194
0.7915706906
4.524171604
1.934463601
7.888537791
6.683877905
4.539832904
8.271563115
2.801441756
2.098548297
0.3705642327
6.561983575
2.837215255
4.487428053
1.032199042
3.610023833
0.4660096695
3.831201187
2.490347392
6.510501524
0.8592771294
0.7951219893
1.862679879
2.381247651
5.112725132
0.91787078
6.649906593
1.609138867
7.040540682
1.555258323
5.126188775
1.16615876
4.032103413
3.27331075
0.6866689776
3.636075825
3.985709947
3.668505941
5.15321257
2.93423106
2.874682905
5.246615146
3.165545722
1.617959504
8.329708813
7.428236694
4.996209285
3.042477257
1.332852978
5.915437324
1.5209924
3.979798914
16.97759859
2.162105039
4.901972829
1.628505396
0.8327816722
1.700896798
2.509212364
0.1926914508
4.284721664
2.270580023
4.356413824
1.427569788
1.091201207
2.992775944
3.693070002
6.148103739
5.754446317
0.2757276608
1.144987218
2.11087307
5.229241926
5.24476963
1.310634796
6.946811492
2.908150777
5.440713701
2.664689374
4.259108247
2.830693708
2.748339601
3.904861533
3.732421457
1.044977754
7.343102701
1.738157931
2.919762056
2.430472762
3.709870007
2.692652647
4.680815545
2.387858143
2.564457329
5.492076014
3.199498879
3.710317255
7.020684675
3.771423961
0.9686367723
3.861281982
3.736854544
6.79981753
2.351716379
3.290829348
3.224381092
4.577861781
1.598761882
2.446074597
6.432750168
3.720648368
3.251370968
1.87737501
3.788963248
1.818475513
6.103791341
1.918062897
1.20330322
3.471298098
1.466438152
3.334718717
2.719621381
2.568960043
4.362513473
4.676868935
4.666799482
7.807875717
2.893190706
2.450689487
0.3383289798
4.590755405
1.129547671
4.971382247
3.298794135
3.631111876
5.372696154
8.896299643
6.677927207
4.822101549
1.530509332
3.384188998
4.783527837
2.450016704
3.237141797
0.8411619748
5.068134357
1.846532866
1.620608431
2.759932485
4.840231701
3.247382054
4.195716127
7.705118928
1.887120282
1.261848868
4.632412106
1.674729373
0.6596260603
4.816771144
2.793556313
2.028384202
2.579355129
1.094004045
1.587208146
5.276359922
6.795043451
3.977874394
7.011635559
6.364510021
1.207521731
3.426404035
3.036341045
3.560603943
8.232600435
1.810965617
2.553615976
2.295782306
1.867088136
1.361519378
2.558377318
5.61897809
5.603881873
3.237352921
4.711532127
5.421407342
7.185130192
2.494993985
3.989205116
4.887004856
1.619973357
0.1939202906
1.25198382
1.778439489
4.602134604
0.7181821251
2.386353659
0.7947995497
1.137194435
3.873996301
3.143299356
1.556689592
2.832569005
4.794355
5.481755084
7.7952172
1.183110593
3.17652591
7.284383506
5.325382628
1.516866246
4.798617023
4.427334496
3.37139565
5.624211168
8.422558346
3.763440819
2.933346525
6.374657397
5.84485273
0.6852200106
3.987294999
6.084932663
2.603735518
2.859823476
2.016670539
3.361863034
7.209579484
2.037451894
6.755408759
6.371644106
4.603836822
0.8596346131
0.9887243057
1.811166435
2.069194091
1.652662128
1.371217016
2.201619683
3.084051797
3.784652459
1.006934255
3.914419765
6.121137818
6.246417383
6.346315482
4.42836471
5.461650249
2.383037305
1.653883123
4.741582872
0.3004045558
1.006145311
1.419166461
1.898882062
6.134537269
2.427333279
4.455392293
4.385518325
1.744334925
6.686892917
1.505715762
3.271545976
6.210568178
7.397914817
3.01021124
2.746223577
1.824759598
1.558790116
2.38206718
4.514070779
3.719675958
3.456706576
2.072806785
5.801611972
3.550950306
5.10908019
4.196927174
0.6818930719
5.494546326
8.729899522
0.9103251405
3.439736521
0.9130707074
0.9453970004
3.551070913
5.643418351
12.00487401
4.59874075
4.967769353
1.455051367
4.605994785
12.04864811
5.062514012
5.588787361
6.444877715
3.435021279
1.036367815
4.363763573
3.133768837
5.410214224
4.171924271
2.585625017
0.7524952313
8.71492512
5.644993724
2.017317457
1.180105362
7.481989224
5.381519921
6.458026778
0.09097916262
0.9948962375
0.46201877
1.824790579
7.358021344
2.442118763
1.102544509
1.948954306
4.310412092
14.16204189
14.21345671
3.012480119
2.124926386
0.3517543735
5.625847206
1.17813389
2.215442815
0.2638272936
5.715283997
0.3122033491
7.687379175
3.430607732
9.074270867
2.121691393
1.392915428
4.281909902
2.834926738
4.784700315
8.664848516
7.712085179
1.61201918
2.022413732
3.615447446
2.004731774
1.580435372
3.535770109
5.250429301
1.849911688
3.791135286
0.3666132931
18.21835372
6.76784027
3.195461346
7.439775941
1.051260094
3.416094613
3.484444934
1.642554282
1.236667354
7.575266126
6.009112303
1.124189749
1.20574144
1.642219564
3.073469977
2.639688849
3.579883721
2.933000054
2.684417487
6.48842394
3.304382561
1.714906185
5.184036799
1.119101472
3.265188647
3.557985295
2.599523763
7.404331369
2.419482184
0.5592038177
7.353852512
3.158343739
8.948060643
7.85904312
7.102545549
5.432318752
8.920267874
1.027431999
3.604560888
3.143553249
2.549314482
2.758491009
2.719423931
1.960019358
9.076574339
0.5694162596
1.734088602
0.9057501695
1.341480399
5.620095091
4.10867741
5.554661446
2.966782732
4.716768194
0.6278122229
10.84885695
9.60567454
0.5832460636
5.335813152
3.722891489
0.3010606186
0.9126711511
3.663748909
2.423131014
8.667443185
2.884911464
2.991285859
3.247171402
4.154893851
4.107656937
7.643041781
6.256015256
4.293303294
5.996484059
5.210433608
4.090159611
0.1023077759
4.184029091
5.915188478
1.959159171
0.6496220282
2.507123462
1.95380102
11.73308263
4.579812674
4.64946719
7.522560481
5.096964472
2.571102205
3.774847234
7.944297546
2.420133992
3.526740252
3.946996407
0.7059347961
5.999164691
1.435709233
3.842927768
4.052632694
3.801311609
0.4362558232
3.866084411
1.009174032
0.9832949217
7.344130938
3.416201496
8.530207725
2.396494429
2.861610445
0.2134665708
2.643384862
5.949989952
3.0220274
2.989592808
1.398050804
1.263417975
0.9368641228
7.979624999
1.450602166
5.363637248
9.734166345
3.81413575
3.7892171
7.517426569
1.899350744
0.7784291973
2.355996533
1.870049802
9.563902084
1.441263347
6.851140374
4.44745522
0.8615185227
2.749941896
6.296849553
3.453242408
6.201454053
1.958963249
6.126711459
2.311355839
5.558799321
4.89676125
4.447280853
2.134119339
8.591097574
4.209820015
4.976330336
0.8159211806
3.671663145
1.689340219
4.389398427
4.657960237
2.019562012
7.411336893
4.32217841
9.581294128
3.566441035
4.811885605
0.6715157229
5.904935893
1.926098415
10.41407295
5.519601613
12.53703817
3.692548395
7.051558525
1.4634386
1.570058216
0.8699510111
5.955484601
3.255899035
1.781426195
5.042437592
2.754296414
1.221549892
6.827627627
3.38573643
5.006168758
5.450263254
1.602978872
2.4172417
1.552366303
4.174146774
2.962742061
2.59831334
3.907156259
1.578924628
1.693029366
2.450742345
3.423481901
1.10327812
3.071552878
1.490364682
0.3040976761
5.074701862
6.833184812
5.168530492
11.21260954
3.241662197
1.400630979
4.425578149
5.504164462
2.493884246
5.015497937
5.349871687
2.218570372
0.6344536271
2.7271085
0.8933514706
5.294305112
9.046141128
2.455356408
10.85265135
2.89540055
9.516480971
6.042258718
4.00307633
1.133475361
1.745387431
1.881120306
3.009105113
2.550130086
2.974078473
2.168804962
3.814084609
4.005269219
3.154254287
9.920073041
1.305071691
5.706176331
7.764756851
3.938071491
3.055471932
6.12241762
2.309512562
5.726526781
5.759642133
1.822099724
1.119851909
7.542890901
4.314966708
5.594076268
4.435799167
2.539763114
1.175676217
3.447128526
1.782651458
1.741559923
4.658910303
4.878101889
1.529317239
5.376014107
3.047580655
3.397776925
6.587150354
4.154267279
6.25923309
0.8635760825
2.368898743
1.563395019
3.187264673
5.066750798
