0.7356423078
1.642235802
1.18972934
0.3016167709
1.644136262
0.04634710054
-0.4263940086
-0.5904630209
0.2928080752
-1.283711054
-1.824030052
0.9850522569
0.8776513133
-3.091559674
-1.926294097
0.5745644343
0.3247102978
0.1989785049
0.6174118887
-1.546410038
-1.699017996
0.7591424522
-1.276758103
1.146072309
0.190333853
0.2891796779
-2.824293111
-0.6254698505
-0.2561071035
0.8838236158
-0.3258028453
0.5322902139
-0.04369702558
-1.428913354
-0.1788493697
0.6694939809
-0.03694792802
3.779999256
0.6034194864
-0.175365738
0.07415579839
1.463215509
0.4713377676
-1.680939504
-1.280610998
-1.169441604
-0.3980419181
-2.15401143
-1.105328265
-0.5309089141
1.327233053
2.620379255
0.8294919196
-2.431044662
-1.252097693
0.2405507702
-1.272604684
0.1535246881
0.5809923106
0.7947756531
1.369425082
-0.8175567247
0.7906927288
-0.08699135445
-0.4406067309
-0.2844462619
-0.9489155975
-0.3768656798
1.024426459
-1.405852192
0.9624795284
-0.2295162958
1.27485549
0.0009469910934
-0.2767745972
1.124583925
-1.025603143
-0.2933499833
-0.8338346576
0.02657917973
0.01571829775
0.3960696473
0.4611917474
2.063802335
-0.2879208215
0.1425002401
0.9034614377
-0.8148917865
1.393638196
-0.3538244067
0.2026140745
0.09572037395
0.3468897726
-2.583964645
-0.3079844064
-0.4699417749
0.5899123545
-2.195107807
1.613671335
-4.369401319
0.7526932107
-1.130358675
2.237120408
-0.9663182283
0.1056066622
-0.467329883
1.859567446
0.6869960234
0.9694675681
-1.803297105
0.6598046863
0.6357646008
-0.01238229123
1.024463662
-0.06198423369
-0.7851532389
-0.1685882725
0.2310102478
-1.112371067
-1.418012221
1.336876825
1.227249343
-1.00887874
0.6173814874
0.710986307
0.9616530907
0.472316128
0.1533086713
1.064029237
-0.6690511265
2.357096846
-1.063546236
-0.8776244351
-0.5142493485
-0.7368038389
-1.227791319
0.3191874973
1.794814676
-0.03351789731
-0.5860062302
1.647056374
-4.754605978
1.885036106
0.2105242788
4.143891564
-1.598870988
1.289365816
-0.3085407122
-1.780115537
-0.6624912659
0.5725686223
2.384960572
-1.606383547
-0.09146651825
-0.1502589767
0.9091614514
1.034175749
0.8926064111
-0.1113415591
-4.25530828
1.104998836
0.1188708217
-2.807495005
0.3087265328
1.859780667
0.4626007548
2.976224866
-0.528941424
-1.602306548
1.081895475
0.3092341897
0.1583007914
-1.259523021
0.7104270761
-0.802349483
1.202552264
-0.2329222069
-0.9291664029
-1.520305171
0.6724218802
0.07413535214
-0.9360594804
-1.330084568
-0.9772275219
-0.5458757879
-3.320962508
0.3255244028
-0.07434175613
2.419344626
0.196636251
0.1173129393
-1.856347991
1.533342906
-0.2032276737
1.008965057
-0.8421700442
-1.047618968
-1.736356028
0.07783128625
1.142792699
0.6309067592
-0.2442893525
2.154426697
0.868465714
-3.573607757
0.9911936528
0.9535194681
-0.2957836881
0.6664447982
-1.022585501
-0.7750508818
-0.195619306
1.654074625
0.6067230436
0.4278200519
0.02372590624
0.03183317934
-0.5045506745
0.5371553672
0.07501425433
0.3935065327
-0.6734789566
-0.247459462
2.156251648
0.2490627552
-2.672140452
1.454595178
-0.4187823873
-0.229864207
-0.4954294391
1.715971323
0.2662625962
-0.5528449995
1.425003331
0.4222721587
1.640165289
1.199049294
0.2383932015
0.6067393448
-1.067471373
0.6319511406
-0.8902001759
-0.14185415
-0.03225674873
2.119642614
1.049239212
2.09770135
0.4086429164
0.639043155
0.3726395388
0.359022494
-0.06826150899
0.2930570524
0.6376885187
0.7705404782
-1.013999809
-0.8408305768
-1.416638269
-0.2457929843
-0.445149119
0.6636485611
-0.2853322886
-0.04962971199
0.6658462245
-1.199065302
-0.1789309669
-2.105726742
-0.1335084408
-0.08300442934
-0.9948237632
1.603994913
-0.3357634379
-0.8473338625
0.7660417373
0.8418396649
-0.4301873779
-0.1046054383
0.4476020983
-0.4842078215
-1.922473357
-0.1824700352
1.790442276
2.100764936
1.108889595
-0.1083634503
-4.317734969
0.4004053318
-0.5081127178
1.289437517
1.685444009
1.523781091
-0.2704581588
-0.5312957722
1.447626948
1.683660878
-0.2351150222
0.1458360573
1.001706402
-0.1769729304
-1.4304765
0.00257891644
-0.3446053387
-0.6428538554
-0.1760614361
-2.157359684
1.272350389
-1.760188236
-1.721322802
-1.480912857
2.224625524
2.316947078
0.9848805956
-1.267949617
-0.1668866326
-1.274439312
1.090637695
0.2068902549
2.015943241
0.1111409756
0.1345829697
-1.048201217
-2.891476736
-0.3734721366
1.101868113
0.1312665433
0.3069063127
-1.490487131
0.5217105031
-0.3488408208
0.261839889
-0.7938182435
-2.381897537
-0.1406270389
-0.4290430861
-1.219996841
-0.1839770568
-0.316677963
-0.3675619819
0.9845947504
-0.7032434736
0.9082467994
1.375989547
0.4866687103
0.6568678654
-1.525406873
0.3727815569
-1.090184311
1.521775612
-1.189492284
-0.4152557215
1.286914988
-1.308751125
-0.7872806751
-0.7936932715
0.8879191659
-1.525458294
0.516555043
0.4623765203
2.006678748
-0.3989537863
0.006936592918
0.4340963209
-0.4442762896
-1.479557796
-1.40668314
-1.99869263
-1.56366143
-0.1504409486
-0.7652433306
2.113277892
1.139969767
1.885320517
-2.900518624
-1.49907686
0.4482661101
0.4789881212
-0.6093662875
1.403179225
-0.1050474974
-1.049383009
0.4107383979
0.5408293648
-1.608235941
0.7431499261
1.469844722
1.30397501
0.5137032194
-1.723174365
-1.26539453
-0.5973593908
-0.9387676477
1.620066211
-0.5273282705
-3.084059221
0.7282869513
-1.395060051
-0.4152825101
0.3740220825
-0.3659370771
1.202490464
0.1887030392
-1.737756641
0.7030834683
1.932064079
0.5166316636
-2.309102517
-0.5436008534
1.177185064
-0.7420646643
-0.8628372941
-2.152591173
0.8278864247
0.4521471843
-0.4309330914
-0.6818672603
-0.8798552914
-0.5252936069
0.8530475618
2.261155998
0.5275617868
-0.6209485448
-1.147435866
0.6420234946
-0.3201090958
-1.273721074
-0.5593730505
-1.196519636
-0.6292666508
1.98581475
2.42240554
-0.2795222943
0.1078356776
0.8775490999
2.64169477
-0.4693839691
2.638448579
-0.6749175745
0.9843965395
0.7460219184
0.4220015569
-0.1630279793
0.1428662945
-1.785460698
0.4637044936
1.328454166
0.5847722038
2.870384749
-0.09627026153
2.63932252
0.4363335022
0.2448203219
0.2504948284
-1.255459853
-0.7037016138
1.995984509
-3.954520853
2.280107462
-0.2532753724
0.4771620773
0.1542833014
0.7818596743
0.4740729475
0.286928551
-0.7606117862
-0.01726859796
-0.2861767221
1.088755197
0.08575840462
0.1803054305
1.167767783
0.2361200682
1.028461587
0.533304434
-3.130558987
-0.6800234552
1.753924286
0.4042112076
-1.5749652
-1.059514228
-1.252494136
0.5496506772
-0.1240695046
0.4853239177
0.4865604709
-0.5084864694
-1.749022995
-2.079384284
1.233013888
-0.6647310086
-0.6097072668
0.7369658755
0.0165632709
1.465814726
0.3026429298
1.075743626
0.2888323724
-0.3061285306
1.551355521
3.295125557
-0.6041802245
0.9031479031
-0.09687008414
0.445366137
1.094087599
-0.6980705851
-1.139202753
-0.4748412379
0.8052849615
0.8300884501
-1.464626566
-1.346205753
-0.4656767477
0.7741858025
-1.130441896
2.324757515
0.6615053338
0.7800574546
0.2989271401
1.390935145
0.03861443436
-1.036345471
-0.4428170565
0.04376314845
-3.38119506
1.307479697
0.3809930447
0.3977170244
-1.00308177
-0.4033179504
1.683243619
1.007674727
-0.5282050431
-0.6621225017
1.786254002
0.5776736145
0.645066035
1.414583319
-2.515343114
-0.4513934931
-1.553444297
-0.5286349771
0.9292461801
-0.04687873649
0.8441743618
-0.9897349638
-0.005188719722
1.314170454
0.262586017
-0.3734754156
1.50724672
-0.4623318173
1.42044291
-0.1839774339
1.874775939
2.749479528
3.504670803
1.386042345
-0.8157591625
1.875832881
0.6946077417
1.285689563
-0.7278423552
-0.2070399081
0.5758680173
1.256975963
-0.1642692437
-1.109821985
-1.80668373
-1.313417865
0.8048454534
-0.2374438571
-0.452678521
1.382401764
-0.1822596686
0.2064945239
0.2339525232
0.1923093201
1.199416647
-0.5640195296
-0.4521395181
0.9446373878
-5.265917091
-0.3166170174
0.2088730791
-0.162714449
-0.58461065
-0.2512004041
1.055843922
0.4211981524
0.6394553967
-1.133975975
-0.6510115968
-0.2521373341
1.334147138
-0.7623967087
-1.400474218
1.988483531
-0.4858043115
-2.767438353
-2.036557293
-1.050543893
-2.433955131
0.2119358623
0.9240634379
4.342607222
-0.007783331523
-0.606614369
0.6461317866
1.381887117
0.05841485525
1.479269033
0.3045160621
0.3705611273
-0.04280525061
-0.4569890175
0.1341366772
0.4638203082
-0.6524735743
-0.9303890138
0.3748195816
0.4024688899
-1.453397812
-0.6504642807
-0.1548347118
-0.4247241564
-0.9400583336
-3.025734358
3.079176453
-0.578101367
0.9093113136
-1.129945975
2.140969559
-1.691175239
1.807662108
0.9302841799
-0.2940150965
-0.5547114698
-3.151607294
0.07889494141
0.8001809251
2.540753527
-1.558519898
1.730917845
-1.03534515
1.232659432
-1.220565315
0.62780419
0.853109588
0.9465413328
1.209101391
0.5968408806
1.273466972
-0.8402290151
0.6148767637
-1.565880849
0.8324881072
-0.09722228565
0.8940256325
-0.8977474747
0.6680951874
-1.142056397
-2.062705739
-1.032403392
0.8264012322
0.06825935024
-1.116071515
0.4895060933
-0.8502367873
-0.6054298638
0.6365053241
-0.2471665715
-0.02417648497
0.3960071525
-0.8989019065
-3.436128999
-0.6751414479
0.74080427
-0.9811587469
1.412526508
-0.6333437256
-0.7396442551
1.003167714
1.958149813
0.412500367
0.1535361994
1.611453965
-1.134158656
-1.232709752
-0.2767462859
-1.131941846
0.7353212093
1.261169555
-1.101745271
0.04039741327
-0.6347696943
0.4728523552
0.2705125469
0.2139232779
-0.4882524873
-0.1961300901
-0.1955429063
0.817179524
0.3959200243
0.09196611332
-0.3779473787
-0.2232076177
0.05550645992
-3.048230928
-2.154592229
1.341125017
-0.4771442824
-0.4537931049
-0.2172044873
0.1247022655
0.7089687244
-0.2572850416
-0.3425156506
0.1784325072
-3.150626114
0.1426329616
0.6248560285
0.5971571767
-0.43148487
-1.373850425
1.757359227
0.8355163145
2.97790264
-0.4055799687
0.4233510637
-0.2184654407
-1.727456093
1.034195235
1.203631387
-0.7357166055
-0.3763461377
-1.035215669
0.756087161
0.2631187903
0.2193114721
1.337416717
2.294673444
1.992570854
-0.427996586
-2.528875722
0.2848159071
-0.2206933348
-0.09111825305
2.682902472
2.412563581
-0.2331790822
-0.1557521863
0.4245364457
0.07174856776
2.318415135
-0.2707405037
1.179219293
0.0192582018
0.5433443437
-1.380269122
0.4658284519
1.438116618
-0.3033415362
-0.1363231369
1.170429916
0.1497296044
3.753022692
0.2711191522
0.4892474393
-1.407313004
1.816109048
1.978702003
0.1139844696
0.7021090659
0.5409403382
0.7923092632
0.9307688725
-1.040268444
0.2998106896
-0.9292961095
-0.6283013406
-0.04507837645
0.263477536
0.6506482779
1.002594415
-0.09836335172
0.2893703337
-1.316062234
-1.144377779
0.4871260231
1.433082076
0.9408842129
0.02705019999
-0.5335175494
0.809844946
3.238550702
-0.5129386876
2.205355636
-2.180106222
-0.5546091632
-0.1303190253
1.486699703
0.4942974105
-0.2624330786
0.4419442394
0.9655302007
-0.1588978237
0.2513683358
-0.2082704586
1.499118661
0.1975077526
-1.107206986
-0.005483209784
0.3208545688
-0.4290924829
-0.2247096492
0.3706417529
-0.532147302
2.061552435
0.6916538987
-0.7773658392
-1.367133371
2.464952097
-0.9779230412
1.273043095
1.906070904
1.619789896
0.08178366912
-1.159316989
1.420278687
-1.586437975
-0.2695473308
-1.263646812
-0.3126361715
-0.2607828316
-0.4747942976
-0.3197133102
-0.1278496137
-1.257966541
-0.8586866432
0.4883160926
0.1932572341
0.762472472
-1.330488746
0.3000055577
0.9286153918
-1.334604272
0.1470712081
-0.7440894586
-1.107986083
2.153587946
0.9616725242
0.2737862949
-1.296041598
0.8842207732
-1.102718521
-0.9770875632
-0.5518979345
0.2434665848
-3.174318457
-0.4596845171
-1.337324097
-1.067475154
1.067568269
-0.7504053096
-2.483838336
0.1574164209
-1.639009814
0.1413066553
-2.428052884
-1.861739393
0.1520885555
0.6237131269
-0.9984359319
0.03497778729
-0.2333801265
-0.5189124715
0.4132065037
0.3865754891
1.479021629
0.3622797204
-0.267883655
0.08206941052
0.1952523097
0.7732366252
1.28581613
0.3088041359
0.897636063
-0.7404221369
-0.2618551396
0.950063522
0.5194889806
1.977409144
-0.04014213121
-1.707621785
-1.220489239
2.19961374
-0.8036377069
1.500413185
0.481062483
-1.492608087
-0.1837583674
-0.5696531519
0.3507963395
1.350307608
-0.6216202267
-0.8482384875
0.9151683859
-0.08602647196
-1.496495875
-1.18603566
0.4548889204
-0.9127418544
-0.01654761727
-0.2014199315
1.321996713
2.178180236
-0.2159996216
0.1932764426
-1.286095682
0.5812534707
0.6335913074
-0.8456010504
-0.1596080248
1.361916373
-0.112216122
0.7231112412
-1.935156005
-0.3570301173
0.0004876853166
-1.242599713
-0.4375399415
0.1684597199
-1.34713396
-1.626691052
1.906926362
-1.254725435
-0.4060586265
0.3509126094
-1.204511059
2.291709958
-0.04649350808
-0.6990495495
-0.5884542596
0.1756824623
-0.3131871608
-0.4702242517
1.231442493
-1.247405265
-0.4347152789
0.3604707188
2.019938537
-0.9344218182
0.1344169696
1.453436655
-0.7956287833
-0.4512249715
0.6303115427
-0.6980350605
1.33366792
0.1856233395
-0.6866470477
-0.8587368577
-2.347847592
-1.213315522
1.068192225
0.6846749741
1.53323939
-0.7020714086
-2.183935726
-0.8305513814
0.5299095795
0.5972327983
0.06850315759
2.344629915
-0.1375042953
-1.499326423
-1.476271679
0.04929383719
0.4813723238
0.4157805179
1.515584368
-1.88036893
0.2224166798
2.066665303
-0.6276378834
-0.1945201073
-0.5957435436
-0.7050510152
-1.413537113
-0.9246474411
-0.8797079483
0.1606307452
-1.222889678
-1.713834505
-0.01871849061
-0.3025298037
0.1404130176
-1.050584571
-0.4465791946
0.06031613953
